173
216
259
302
345
174
217
260
303
346
175
218
261
304
347
176
219
262
305
348
177
220
263
306
349
392
135
178
221
264
307
350
393
50
93
136
179
222
265
308
351
394
437
51
94
137
180
223
266
309
352
395
438
481
52
95
138
181
224
267
310
353
396
439
482
525
53
96
139
182
225
268
311
354
397
440
483
526
54
97
140
183
226
269
312
355
398
441
484
527
98
141
184
227
270
313
356
399
442
485
99
142
185
228
271
314
357
400
443
486
143
186
229
272
315
358
401
444
487
530
187
230
273
316
359
402
445
488
531
188
231
274
317
360
403
446
489
232
275
318
361
404
447
490
233
276
319
362
405
448
491
534
277
320
363
406
449
492
535
578
321
364
407
450
493
536
579
622
365
408
451
494
537
580
623
666
366
409
452
495
538
581
624
667
410
453
496
539
582
625
668
411
454
497
540
583
626
669
712
1099
1142
1185
455
498
541
584
627
670
713
756
1057
1100
1143
1186
1229
456
499
542
585
628
671
714
757
800
843
886
1015
1058
1101
1144
1187
1230
1402
500
543
586
629
672
715
758
801
844
887
930
973
1016
1059
1102
1145
1188
1231
1274
1360
1403
544
587
630
673
716
759
802
845
888
931
974
1017
1060
1103
1146
1189
1232
1275
1318
1361
1404
545
588
631
674
717
760
803
846
889
932
975
1018
1061
1104
1147
1190
1233
1276
1319
1362
1405
546
589
632
675
718
761
804
847
890
933
976
1019
1062
1105
1148
1191
1234
1277
1320
1363
1406
590
633
676
719
762
805
848
891
934
977
1020
1063
1106
1149
1192
1235
1278
1321
1364
1407
591
634
677
720
763
806
849
892
935
978
1021
1064
1107
1150
1193
1236
1279
1322
1365
1408
635
678
721
764
807
850
893
936
979
1022
1065
1108
1151
1194
1237
1280
1323
1366
722
765
808
851
894
937
980
1023
1066
1109
1152
1195
1238
1281
1324
1367
723
766
809
852
895
938
981
1024
1067
1110
1153
1196
1239
1282
1325
724
767
810
853
896
939
982
1025
1068
1111
1154
1197
1240
1283
1326
854
897
940
983
1026
1069
1112
1155
1198
1241
1284
1327
855
898
941
984
1027
1070
1113
1156
1199
1242
1285
1328
899
942
985
1028
1071
1114
1157
1200
1243
1286
900
943
986
1029
1072
1115
1158
1201
1244
944
987
1030
1073
1116
1159
1202
1245
988
1031
1074
1117
1160
1203
172
215
258
301